#Residue Chain TotalDensity HighlyFrustratedDensity NeutrallyFrustratedDensity MinimallyFrustratedDensity relHighlyFrustratedDensity relNeutrallyFrustratedDensity relMinimallyFrustratedDensity
1 A 17 0 9 8 0 0.529411764705882 0.470588235294118
2 A 27 0 17 10 0 0.62962962962963 0.37037037037037
3 A 36 0 12 24 0 0.333333333333333 0.666666666666667
4 A 35 0 11 24 0 0.314285714285714 0.685714285714286
5 A 38 2 15 21 0.0526315789473684 0.394736842105263 0.552631578947368
6 A 37 0 20 17 0 0.540540540540541 0.459459459459459
7 A 43 0 30 13 0 0.697674418604651 0.302325581395349
8 A 34 0 20 14 0 0.588235294117647 0.411764705882353
9 A 30 0 17 13 0 0.566666666666667 0.433333333333333
10 A 33 0 23 10 0 0.696969696969697 0.303030303030303
11 A 50 0 31 19 0 0.62 0.38
12 A 44 0 29 15 0 0.659090909090909 0.340909090909091
13 A 42 1 33 8 0.0238095238095238 0.785714285714286 0.19047619047619
14 A 40 0 28 12 0 0.7 0.3
15 A 30 0 21 9 0 0.7 0.3
16 A 33 0 27 6 0 0.818181818181818 0.181818181818182
17 A 40 0 26 14 0 0.65 0.35
18 A 22 1 13 8 0.0454545454545455 0.590909090909091 0.363636363636364
19 A 21 3 13 5 0.142857142857143 0.619047619047619 0.238095238095238
20 A 32 4 17 11 0.125 0.53125 0.34375
21 A 30 2 18 10 0.0666666666666667 0.6 0.333333333333333
22 A 14 3 10 1 0.214285714285714 0.714285714285714 0.0714285714285714
23 A 14 4 9 1 0.285714285714286 0.642857142857143 0.0714285714285714
24 A 18 2 11 5 0.111111111111111 0.611111111111111 0.277777777777778
25 A 15 1 12 2 0.0666666666666667 0.8 0.133333333333333
26 A 32 0 21 11 0 0.65625 0.34375
27 A 23 1 13 9 0.0434782608695652 0.565217391304348 0.391304347826087
28 A 28 1 18 9 0.0357142857142857 0.642857142857143 0.321428571428571
29 A 29 0 17 12 0 0.586206896551724 0.413793103448276
30 A 35 0 20 15 0 0.571428571428571 0.428571428571429
31 A 38 0 20 18 0 0.526315789473684 0.473684210526316
32 A 26 0 16 10 0 0.615384615384615 0.384615384615385
33 A 24 1 16 7 0.0416666666666667 0.666666666666667 0.291666666666667
34 A 27 2 17 8 0.0740740740740741 0.62962962962963 0.296296296296296
35 A 37 4 22 11 0.108108108108108 0.594594594594595 0.297297297297297
36 A 26 7 16 3 0.269230769230769 0.615384615384615 0.115384615384615
37 A 23 11 12 0 0.478260869565217 0.521739130434783 0
38 A 40 20 17 3 0.5 0.425 0.075
39 A 40 19 18 3 0.475 0.45 0.075
40 A 11 6 5 0 0.545454545454545 0.454545454545455 0
41 A 13 9 4 0 0.692307692307692 0.307692307692308 0
42 A 16 7 9 0 0.4375 0.5625 0
43 A 23 13 10 0 0.565217391304348 0.434782608695652 0
44 A 15 9 6 0 0.6 0.4 0
45 A 30 12 16 2 0.4 0.533333333333333 0.0666666666666667
46 A 51 24 22 5 0.470588235294118 0.431372549019608 0.0980392156862745
47 A 24 12 12 0 0.5 0.5 0
48 A 20 8 11 1 0.4 0.55 0.05
49 A 38 7 20 11 0.184210526315789 0.526315789473684 0.289473684210526
50 A 29 9 17 3 0.310344827586207 0.586206896551724 0.103448275862069
51 A 15 3 10 2 0.2 0.666666666666667 0.133333333333333
52 A 23 5 11 7 0.217391304347826 0.478260869565217 0.304347826086957
53 A 28 2 18 8 0.0714285714285714 0.642857142857143 0.285714285714286
54 A 25 3 17 5 0.12 0.68 0.2
55 A 20 2 13 5 0.1 0.65 0.25
56 A 32 1 24 7 0.03125 0.75 0.21875
57 A 17 2 9 6 0.117647058823529 0.529411764705882 0.352941176470588
58 A 16 1 9 6 0.0625 0.5625 0.375
59 A 25 1 14 10 0.04 0.56 0.4
60 A 18 3 12 3 0.166666666666667 0.666666666666667 0.166666666666667
61 A 29 5 21 3 0.172413793103448 0.724137931034483 0.103448275862069
62 A 17 6 10 1 0.352941176470588 0.588235294117647 0.0588235294117647
63 A 22 6 10 6 0.272727272727273 0.454545454545455 0.272727272727273
64 A 33 1 19 13 0.0303030303030303 0.575757575757576 0.393939393939394
65 A 29 5 14 10 0.172413793103448 0.482758620689655 0.344827586206897
66 A 15 4 8 3 0.266666666666667 0.533333333333333 0.2
67 A 21 4 8 9 0.19047619047619 0.380952380952381 0.428571428571429
68 A 25 1 13 11 0.04 0.52 0.44
69 A 22 3 14 5 0.136363636363636 0.636363636363636 0.227272727272727
70 A 12 3 8 1 0.25 0.666666666666667 0.0833333333333333
71 A 18 1 12 5 0.0555555555555556 0.666666666666667 0.277777777777778
72 A 25 1 16 8 0.04 0.64 0.32
73 A 11 4 6 1 0.363636363636364 0.545454545454545 0.0909090909090909
74 A 14 4 9 1 0.285714285714286 0.642857142857143 0.0714285714285714
75 A 8 5 2 1 0.625 0.25 0.125
76 A 16 4 9 3 0.25 0.5625 0.1875
77 A 32 4 17 11 0.125 0.53125 0.34375
78 A 12 3 5 4 0.25 0.416666666666667 0.333333333333333
79 A 12 0 8 4 0 0.666666666666667 0.333333333333333
80 A 28 0 18 10 0 0.642857142857143 0.357142857142857
81 A 40 0 18 22 0 0.45 0.55
82 A 43 1 20 22 0.0232558139534884 0.465116279069767 0.511627906976744
83 A 35 2 17 16 0.0571428571428571 0.485714285714286 0.457142857142857
84 A 45 3 29 13 0.0666666666666667 0.644444444444444 0.288888888888889
85 A 32 1 19 12 0.03125 0.59375 0.375
86 A 33 0 21 12 0 0.636363636363636 0.363636363636364
87 A 35 1 24 10 0.0285714285714286 0.685714285714286 0.285714285714286
88 A 34 0 23 11 0 0.676470588235294 0.323529411764706
89 A 38 0 25 13 0 0.657894736842105 0.342105263157895
90 A 31 3 18 10 0.0967741935483871 0.580645161290323 0.32258064516129
91 A 25 2 18 5 0.08 0.72 0.2
92 A 48 4 33 11 0.0833333333333333 0.6875 0.229166666666667
93 A 34 4 22 8 0.117647058823529 0.647058823529412 0.235294117647059
94 A 18 6 11 1 0.333333333333333 0.611111111111111 0.0555555555555556
95 A 25 3 17 5 0.12 0.68 0.2
96 A 30 5 20 5 0.166666666666667 0.666666666666667 0.166666666666667
97 A 19 5 13 1 0.263157894736842 0.684210526315789 0.0526315789473684
98 A 12 5 6 1 0.416666666666667 0.5 0.0833333333333333
99 A 13 3 8 2 0.230769230769231 0.615384615384615 0.153846153846154
100 A 9 3 4 2 0.333333333333333 0.444444444444444 0.222222222222222
101 A 13 2 7 4 0.153846153846154 0.538461538461538 0.307692307692308
102 A 11 0 7 4 0 0.636363636363636 0.363636363636364
103 A 27 0 17 10 0 0.62962962962963 0.37037037037037
104 A 19 0 13 6 0 0.684210526315789 0.315789473684211
105 A 32 0 18 14 0 0.5625 0.4375
106 A 41 0 18 23 0 0.439024390243902 0.560975609756098
107 A 35 0 15 20 0 0.428571428571429 0.571428571428571
108 A 38 1 22 15 0.0263157894736842 0.578947368421053 0.394736842105263
109 A 46 1 31 14 0.0217391304347826 0.673913043478261 0.304347826086957
110 A 30 1 22 7 0.0333333333333333 0.733333333333333 0.233333333333333
111 A 29 1 18 10 0.0344827586206897 0.620689655172414 0.344827586206897
112 A 14 2 9 3 0.142857142857143 0.642857142857143 0.214285714285714
113 A 20 4 9 7 0.2 0.45 0.35
114 A 13 4 7 2 0.307692307692308 0.538461538461538 0.153846153846154
115 A 19 4 10 5 0.210526315789474 0.526315789473684 0.263157894736842
116 A 36 1 21 14 0.0277777777777778 0.583333333333333 0.388888888888889
117 A 27 2 14 11 0.0740740740740741 0.518518518518518 0.407407407407407
118 A 15 2 9 4 0.133333333333333 0.6 0.266666666666667
119 A 27 1 21 5 0.037037037037037 0.777777777777778 0.185185185185185
120 A 34 0 23 11 0 0.676470588235294 0.323529411764706
121 A 22 1 13 8 0.0454545454545455 0.590909090909091 0.363636363636364
122 A 20 0 13 7 0 0.65 0.35
123 A 32 0 19 13 0 0.59375 0.40625
124 A 34 0 13 21 0 0.382352941176471 0.617647058823529
125 A 31 0 15 16 0 0.483870967741935 0.516129032258065
126 A 40 1 20 19 0.025 0.5 0.475
127 A 21 1 16 4 0.0476190476190476 0.761904761904762 0.19047619047619
128 A 12 1 7 4 0.0833333333333333 0.583333333333333 0.333333333333333
129 A 20 1 11 8 0.05 0.55 0.4
130 A 25 0 16 9 0 0.64 0.36
131 A 28 0 19 9 0 0.678571428571429 0.321428571428571
132 A 23 0 17 6 0 0.739130434782609 0.260869565217391
133 A 32 0 19 13 0 0.59375 0.40625
134 A 36 2 22 12 0.0555555555555556 0.611111111111111 0.333333333333333
135 A 24 2 14 8 0.0833333333333333 0.583333333333333 0.333333333333333
136 A 12 2 7 3 0.166666666666667 0.583333333333333 0.25
137 A 18 1 11 6 0.0555555555555556 0.611111111111111 0.333333333333333
138 A 20 0 14 6 0 0.7 0.3
139 A 21 2 12 7 0.0952380952380952 0.571428571428571 0.333333333333333
140 A 27 7 12 8 0.259259259259259 0.444444444444444 0.296296296296296
141 A 9 3 4 2 0.333333333333333 0.444444444444444 0.222222222222222
142 A 14 5 7 2 0.357142857142857 0.5 0.142857142857143
143 A 15 5 6 4 0.333333333333333 0.4 0.266666666666667
144 A 23 4 11 8 0.173913043478261 0.478260869565217 0.347826086956522
145 A 40 6 23 11 0.15 0.575 0.275
146 A 51 6 26 19 0.117647058823529 0.509803921568627 0.372549019607843
147 A 18 3 11 4 0.166666666666667 0.611111111111111 0.222222222222222
148 A 11 1 9 1 0.0909090909090909 0.818181818181818 0.0909090909090909
149 A 17 1 11 5 0.0588235294117647 0.647058823529412 0.294117647058824
150 A 21 1 17 3 0.0476190476190476 0.80952380952381 0.142857142857143
151 A 23 1 14 8 0.0434782608695652 0.608695652173913 0.347826086956522
152 A 22 1 14 7 0.0454545454545455 0.636363636363636 0.318181818181818
153 A 33 1 15 17 0.0303030303030303 0.454545454545455 0.515151515151515
154 A 15 0 4 11 0 0.266666666666667 0.733333333333333
155 A 18 0 5 13 0 0.277777777777778 0.722222222222222
156 A 17 0 7 10 0 0.411764705882353 0.588235294117647
157 A 15 0 5 10 0 0.333333333333333 0.666666666666667
158 A 24 0 14 10 0 0.583333333333333 0.416666666666667
159 A 31 0 17 14 0 0.548387096774194 0.451612903225806
160 A 19 1 13 5 0.0526315789473684 0.684210526315789 0.263157894736842
161 A 20 2 12 6 0.1 0.6 0.3
162 A 14 2 9 3 0.142857142857143 0.642857142857143 0.214285714285714
163 A 29 2 21 6 0.0689655172413793 0.724137931034483 0.206896551724138
164 A 37 1 25 11 0.027027027027027 0.675675675675676 0.297297297297297
165 A 21 4 10 7 0.19047619047619 0.476190476190476 0.333333333333333
166 A 23 3 15 5 0.130434782608696 0.652173913043478 0.217391304347826
167 A 30 1 21 8 0.0333333333333333 0.7 0.266666666666667
168 A 30 4 15 11 0.133333333333333 0.5 0.366666666666667
169 A 16 6 8 2 0.375 0.5 0.125
170 A 26 4 13 9 0.153846153846154 0.5 0.346153846153846
171 A 32 4 20 8 0.125 0.625 0.25
172 A 20 5 12 3 0.25 0.6 0.15
173 A 16 5 8 3 0.3125 0.5 0.1875
174 A 23 3 9 11 0.130434782608696 0.391304347826087 0.478260869565217
175 A 34 1 18 15 0.0294117647058824 0.529411764705882 0.441176470588235
176 A 20 3 10 7 0.15 0.5 0.35
177 A 18 1 7 10 0.0555555555555556 0.388888888888889 0.555555555555556
178 A 31 1 15 15 0.032258064516129 0.483870967741935 0.483870967741935
179 A 29 3 12 14 0.103448275862069 0.413793103448276 0.482758620689655
180 A 18 6 9 3 0.333333333333333 0.5 0.166666666666667
181 A 24 6 12 6 0.25 0.5 0.25
182 A 38 12 16 10 0.315789473684211 0.421052631578947 0.263157894736842
183 A 28 13 12 3 0.464285714285714 0.428571428571429 0.107142857142857
184 A 21 13 8 0 0.619047619047619 0.380952380952381 0
185 A 28 14 14 0 0.5 0.5 0
186 A 32 14 16 2 0.4375 0.5 0.0625
187 A 11 7 4 0 0.636363636363636 0.363636363636364 0
188 A 12 7 5 0 0.583333333333333 0.416666666666667 0
189 A 11 5 5 1 0.454545454545455 0.454545454545455 0.0909090909090909
190 A 15 6 7 2 0.4 0.466666666666667 0.133333333333333
191 A 30 6 19 5 0.2 0.633333333333333 0.166666666666667
192 A 22 1 17 4 0.0454545454545455 0.772727272727273 0.181818181818182
193 A 27 3 17 7 0.111111111111111 0.62962962962963 0.259259259259259
194 A 17 0 10 7 0 0.588235294117647 0.411764705882353
195 A 17 1 10 6 0.0588235294117647 0.588235294117647 0.352941176470588
196 A 25 1 14 10 0.04 0.56 0.4
197 A 23 1 17 5 0.0434782608695652 0.739130434782609 0.217391304347826
198 A 41 2 27 12 0.0487804878048781 0.658536585365854 0.292682926829268
199 A 15 1 11 3 0.0666666666666667 0.733333333333333 0.2
200 A 17 5 10 2 0.294117647058824 0.588235294117647 0.117647058823529
201 A 18 5 11 2 0.277777777777778 0.611111111111111 0.111111111111111
202 A 25 3 18 4 0.12 0.72 0.16
203 A 16 4 10 2 0.25 0.625 0.125
204 A 23 9 12 2 0.391304347826087 0.521739130434783 0.0869565217391304
205 A 36 8 21 7 0.222222222222222 0.583333333333333 0.194444444444444
206 A 28 2 21 5 0.0714285714285714 0.75 0.178571428571429
207 A 15 5 8 2 0.333333333333333 0.533333333333333 0.133333333333333
208 A 18 6 8 4 0.333333333333333 0.444444444444444 0.222222222222222
209 A 28 3 15 10 0.107142857142857 0.535714285714286 0.357142857142857
210 A 19 4 12 3 0.210526315789474 0.631578947368421 0.157894736842105
211 A 13 4 9 0 0.307692307692308 0.692307692307692 0
212 A 18 2 8 8 0.111111111111111 0.444444444444444 0.444444444444444
213 A 20 2 9 9 0.1 0.45 0.45
214 A 7 2 5 0 0.285714285714286 0.714285714285714 0
