#Residue Chain TotalDensity HighlyFrustratedDensity NeutrallyFrustratedDensity MinimallyFrustratedDensity relHighlyFrustratedDensity relNeutrallyFrustratedDensity relMinimallyFrustratedDensity
1 A 5 0 3 2 0 0.6 0.4
2 A 6 0 5 1 0 0.833333333333333 0.166666666666667
3 A 15 0 8 7 0 0.533333333333333 0.466666666666667
4 A 25 0 10 15 0 0.4 0.6
5 A 30 0 13 17 0 0.433333333333333 0.566666666666667
6 A 33 0 15 18 0 0.454545454545455 0.545454545454545
7 A 28 1 15 12 0.0357142857142857 0.535714285714286 0.428571428571429
8 A 36 1 12 23 0.0277777777777778 0.333333333333333 0.638888888888889
9 A 44 1 22 21 0.0227272727272727 0.5 0.477272727272727
10 A 48 0 25 23 0 0.520833333333333 0.479166666666667
11 A 40 0 26 14 0 0.65 0.35
12 A 25 0 19 6 0 0.76 0.24
13 A 16 1 13 2 0.0625 0.8125 0.125
14 A 20 2 16 2 0.1 0.8 0.1
15 A 14 2 9 3 0.142857142857143 0.642857142857143 0.214285714285714
16 A 27 4 19 4 0.148148148148148 0.703703703703704 0.148148148148148
17 A 44 2 34 8 0.0454545454545455 0.772727272727273 0.181818181818182
18 A 25 6 15 4 0.24 0.6 0.16
19 A 26 5 18 3 0.192307692307692 0.692307692307692 0.115384615384615
20 A 41 2 29 10 0.0487804878048781 0.707317073170732 0.24390243902439
21 A 32 1 16 15 0.03125 0.5 0.46875
22 A 19 3 13 3 0.157894736842105 0.684210526315789 0.157894736842105
23 A 34 2 24 8 0.0588235294117647 0.705882352941177 0.235294117647059
24 A 34 0 14 20 0 0.411764705882353 0.588235294117647
25 A 25 1 12 12 0.04 0.48 0.48
26 A 21 3 14 4 0.142857142857143 0.666666666666667 0.19047619047619
27 A 34 2 17 15 0.0588235294117647 0.5 0.441176470588235
28 A 38 1 18 19 0.0263157894736842 0.473684210526316 0.5
29 A 20 3 14 3 0.15 0.7 0.15
30 A 13 2 9 2 0.153846153846154 0.692307692307692 0.153846153846154
31 A 18 2 9 7 0.111111111111111 0.5 0.388888888888889
32 A 28 2 12 14 0.0714285714285714 0.428571428571429 0.5
33 A 15 2 10 3 0.133333333333333 0.666666666666667 0.2
34 A 9 1 8 0 0.111111111111111 0.888888888888889 0
35 A 19 1 10 8 0.0526315789473684 0.526315789473684 0.421052631578947
36 A 30 1 8 21 0.0333333333333333 0.266666666666667 0.7
37 A 17 0 5 12 0 0.294117647058824 0.705882352941177
38 A 19 0 5 14 0 0.263157894736842 0.736842105263158
39 A 16 0 8 8 0 0.5 0.5
40 A 17 1 3 13 0.0588235294117647 0.176470588235294 0.764705882352941
41 A 20 1 8 11 0.05 0.4 0.55
42 A 28 0 19 9 0 0.678571428571429 0.321428571428571
43 A 49 2 32 15 0.0408163265306122 0.653061224489796 0.306122448979592
44 A 23 0 18 5 0 0.782608695652174 0.217391304347826
45 A 14 0 13 1 0 0.928571428571429 0.0714285714285714
46 A 23 5 16 2 0.217391304347826 0.695652173913043 0.0869565217391304
47 A 24 7 15 2 0.291666666666667 0.625 0.0833333333333333
48 A 14 10 4 0 0.714285714285714 0.285714285714286 0
49 A 21 10 9 2 0.476190476190476 0.428571428571429 0.0952380952380952
50 A 36 9 22 5 0.25 0.611111111111111 0.138888888888889
51 A 17 6 9 2 0.352941176470588 0.529411764705882 0.117647058823529
52 A 10 5 3 2 0.5 0.3 0.2
53 A 12 4 6 2 0.333333333333333 0.5 0.166666666666667
54 A 11 3 6 2 0.272727272727273 0.545454545454545 0.181818181818182
55 A 25 3 19 3 0.12 0.76 0.12
56 A 8 1 6 1 0.125 0.75 0.125
57 A 12 0 11 1 0 0.916666666666667 0.0833333333333333
58 A 30 0 24 6 0 0.8 0.2
59 A 36 1 29 6 0.0277777777777778 0.805555555555556 0.166666666666667
60 A 29 0 24 5 0 0.827586206896552 0.172413793103448
61 A 29 0 16 13 0 0.551724137931034 0.448275862068966
62 A 32 2 19 11 0.0625 0.59375 0.34375
63 A 35 1 20 14 0.0285714285714286 0.571428571428571 0.4
64 A 26 2 14 10 0.0769230769230769 0.538461538461538 0.384615384615385
65 A 20 0 12 8 0 0.6 0.4
66 A 15 0 9 6 0 0.6 0.4
67 A 11 1 8 2 0.0909090909090909 0.727272727272727 0.181818181818182
68 A 7 1 5 1 0.142857142857143 0.714285714285714 0.142857142857143
69 A 17 3 8 6 0.176470588235294 0.470588235294118 0.352941176470588
70 A 16 2 9 5 0.125 0.5625 0.3125
71 A 14 1 11 2 0.0714285714285714 0.785714285714286 0.142857142857143
72 A 17 0 13 4 0 0.764705882352941 0.235294117647059
73 A 12 0 10 2 0 0.833333333333333 0.166666666666667
74 A 11 0 10 1 0 0.909090909090909 0.0909090909090909
75 A 13 0 13 0 0 1 0
76 A 37 0 28 9 0 0.756756756756757 0.243243243243243
77 A 25 0 22 3 0 0.88 0.12
78 A 22 2 17 3 0.0909090909090909 0.772727272727273 0.136363636363636
79 A 23 3 16 4 0.130434782608696 0.695652173913043 0.173913043478261
80 A 16 5 9 2 0.3125 0.5625 0.125
81 A 25 6 14 5 0.24 0.56 0.2
82 A 39 2 20 17 0.0512820512820513 0.512820512820513 0.435897435897436
83 A 32 3 16 13 0.09375 0.5 0.40625
84 A 18 5 9 4 0.277777777777778 0.5 0.222222222222222
85 A 20 3 8 9 0.15 0.4 0.45
86 A 32 0 15 17 0 0.46875 0.53125
87 A 19 2 13 4 0.105263157894737 0.684210526315789 0.210526315789474
88 A 11 1 8 2 0.0909090909090909 0.727272727272727 0.181818181818182
89 A 11 1 7 3 0.0909090909090909 0.636363636363636 0.272727272727273
90 A 14 0 7 7 0 0.5 0.5
91 A 4 1 3 0 0.25 0.75 0
